4294967279,385
117,4
117,3
117,2
117,1
116,4
116,3
116,2
116,1
4294967294,1420
4294967294,1018
115,4
115,3
115,2
115,1
4294967294,491
114,4
114,3
114,2
114,1
113,4
113,3
113,2
113,1
112,6
112,5
112,4
112,3
112,2
112,1
4294967278,330
111,5
111,4
111,3
111,2
111,1
4294967294,415
4294967294,1421
110,5
110,4
110,3
110,2
110,1
109,5
109,4
109,3
109,2
109,1
108,4
108,3
108,2
108,1
4294967278,329
4294967279,384
4294967278,328
107,4
107,3
107,2
107,1
106,4
106,3
106,2
106,1
4294967294,490
105,4
105,3
105,2
105,1
104,4
104,3
104,2
104,1
103,6
103,5
103,4
103,3
103,2
103,1
4294967278,327
102,5
102,4
102,3
102,2
102,1
101,5
101,4
101,3
101,2
101,1
100,5
100,4
100,3
100,2
100,1
99,4
99,3
99,2
99,1
4294967278,326
4294967278,325
98,4
98,3
98,2
98,1
4294967294,489
97,4
97,3
97,2
97,1
96,4
96,3
96,2
96,1
95,4
95,3
95,2
95,1
94,6
94,5
94,4
94,3
94,2
94,1
4294967294,488
93,5
93,4
93,3
93,2
93,1
92,5
92,4
92,3
92,2
92,1
91,5
91,4
91,3
91,2
91,1
90,4
90,3
90,2
90,1
4294967278,324
4294967278,323
4294967278,322
4294967279,383
4294967278,321
4294967278,320
4294967279,382
4294967279,381
4294967278,575
4294967279,380
4294967278,574
4294967279,379
89,4
89,3
89,2
89,1
4294967294,487
88,4
88,3
88,2
88,1
87,4
87,3
87,2
87,1
86,4
86,3
86,2
86,1
85,6
85,5
85,4
85,3
85,2
85,1
4294967278,573
84,5
84,4
84,3
84,2
84,1
83,5
83,4
83,3
83,2
83,1
82,5
82,4
82,3
82,2
82,1
81,4
81,3
81,2
81,1
4294967278,572
4294967278,571
4294967279,378
4294967278,570
4294967279,377
4294967278,569
4294967279,376
4294967278,568
4294967279,375
4294967278,567
4294967278,566
4294967278,565
4294967279,374
80,4
80,3
80,2
80,1
4294967294,486
79,4
79,3
79,2
79,1
78,4
78,3
78,2
78,1
77,4
77,3
77,2
77,1
76,6
76,5
76,4
76,3
76,2
76,1
75,5
75,4
75,3
75,2
75,1
74,5
74,4
74,3
74,2
74,1
73,5
73,4
73,3
73,2
73,1
72,4
72,3
72,2
72,1
4294967279,373
4294967278,564
4294967279,372
4294967278,563
4294967279,371
4294967278,562
4294967279,370
4294967278,561
4294967279,369
4294967278,560
4294967278,559
4294967278,558
4294967279,368
4294967279,367
4294967278,557
71,4
71,3
71,2
71,1
70,4
70,3
70,2
70,1
69,4
69,3
69,2
69,1
68,4
68,3
68,2
68,1
4294967278,556
67,6
4294967279,366
67,5
67,4
67,3
67,2
67,1
66,5
66,4
66,3
66,2
66,1
4294967279,365
65,5
65,4
65,3
65,2
65,1
64,5
64,4
64,3
64,2
64,1
63,4
63,3
63,2
63,1
4294967279,364
4294967278,555
4294967279,363
4294967279,362
4294967278,554
4294967279,361
4294967278,553
4294967279,360
4294967278,552
4294967279,359
4294967278,551
4294967279,358
4294967278,550
4294967279,357
4294967278,549
4294967279,356
4294967278,548
4294967278,547
4294967279,355
4294967278,546
4294967278,545
4294967278,544
4294967279,354
4294967279,353
4294967278,543
62,4
62,3
62,2
62,1
61,4
61,3
61,2
61,1
60,4
60,3
60,2
60,1
59,4
59,3
59,2
59,1
58,6
58,5
58,4
58,3
58,2
58,1
57,5
57,4
57,3
57,2
57,1
4294967279,352
4294967279,351
56,5
56,4
56,3
56,2
56,1
55,5
55,4
55,3
55,2
55,1
54,4
54,3
54,2
54,1
4294967278,542
4294967279,350
4294967279,349
4294967279,348
4294967279,347
53,4
53,3
53,2
53,1
4294967294,485
52,4
52,3
52,2
52,1
4294967279,346
51,4
51,3
51,2
51,1
50,4
50,3
50,2
50,1
4294967294,484
4294967278,541
49,6
49,5
49,4
49,3
49,2
49,1
48,5
48,4
48,3
48,2
48,1
47,5
47,4
47,3
47,2
47,1
4294967278,540
46,5
4294967279,345
4294967278,539
4294967278,538
4294967279,344
46,4
4294967278,537
46,3
46,2
46,1
4294967279,343
4294967278,536
4294967278,535
4294967278,534
4294967278,533
45,4
45,3
45,2
45,1
4294967278,532
4294967279,342
4294967279,341
4294967279,340
4294967279,339
4294967278,531
4294967279,338
4294967279,337
4294967278,530
